0000000001111101
0000000001011111
0000000010011010
0000000011000110
0000000011000010
0000000011001110
0000000001111001
0000000010001011
0000000010111001
0000000000101000
0000000001011000
0000000001110000
0000000001001101
1111111111110000
0000000000101101
1111111111110110
1111111111100011
0000000000010010
1111111110101010
1111111111001011
1111111111111010
0000000000110000
1111111111011111
1111111111011100
0000000000010010
1111111111100101
0000000000110011
1111111111100111
0000000000011111
0000000001010001
1111111111101010
0000000000010011
0000000001110101
0000000000011001
1111111110111010
1111111111101101
0000000000001110
1111111111010010
1111111111011000
1111111111101001
1111111110111000
1111111110011100
1111111110001101
1111111101011010
1111111110011011
1111111101010000
1111111101110101
1111111101111000
1111111110100100
1111111101101100
1111111101101111
1111111110001001
1111111111010110
1111111110100011
1111111111101011
1111111111110011
0000000000000000
0000000001010100
0000000001011111
0000000010000110
0000000011011010
0000000011111010
0000000100111011
0000000011110101
0000000100001111
0000000100011000
0000000011101001
0000000011110110
0000000010101000
0000000011110001
0000000010101110
0000000001101101
0000000001110001
0000000000100110
1111111111101101
1111111111001101
1111111110011100
1111111110100100
1111111101001011
1111111100110110
1111111101001010
1111111101010010
1111111101010111
1111111011111111
1111111100100100
1111111011101111
1111111100001101
1111111100100111
1111111101011100
1111111110110010
1111111101110100
1111111110101101
1111111111100011
0000000000101011
1111111111100010
1111111111100011
0000000001001001
0000000001010011
0000000001000111
0000000010011100
