00000000000000000000000000000000
00000000000000000000011111010000
00000000000000000000110111000000
00000000000000000001011101100000
00000000000000000010001111000000
00000000000000000010111111100000
00000000000000000011110011000000
00000000000000000100010001010000
00000000000000000100110100000000
00000000000000000101000011000000
00000000000000000100110101010000
00000000000000000100100100110000
00000000000000000100001111010000
00000000000000000011110010000000
00000000000000000010111010100000
00000000000000000010100111100000
00000000000000000010000010010000
00000000000000000001001100110000
00000000000000000001000111010000
00000000000000000000011011110000
11111111111111111111110010100000
11111111111111111111011101110000
11111111111111111111101101110000
11111111111111111111011010010000
11111111111111111111010011110000
11111111111111111111011111100000
11111111111111111111010100010000
11111111111111111111110110100000
11111111111111111111111101100000
00000000000000000000000110110000
00000000000000000000001111000000
00000000000000000000010001110000
00000000000000000000011111100000
00000000000000000000111000010000
00000000000000000001000101010000
00000000000000000000100111000000
00000000000000000000101000100000
00000000000000000000100100010000
00000000000000000000000100100000
00000000000000000000000000000000
11111111111111111111110101100000
11111111111111111111000110010000
11111111111111111110100111000000
11111111111111111110011011110000
11111111111111111101110111000000
11111111111111111101011010010000
11111111111111111100111001110000
11111111111111111100100001000000
11111111111111111100000100110000
11111111111111111011111111110000
11111111111111111011110011110000
11111111111111111011101100010000
11111111111111111011111000000000
11111111111111111100000110110000
11111111111111111100011011100000
11111111111111111100111001000000
11111111111111111101010111110000
11111111111111111101101110110000
11111111111111111110101000110000
11111111111111111111100100110000
00000000000000000000100100000000
00000000000000000001100101000000
00000000000000000010111010110000
00000000000000000100001110110000
00000000000000000101001111010000
00000000000000000110010011000000
00000000000000000111000100000000
00000000000000000111100110100000
00000000000000001000000010100000
00000000000000000111110110000000
00000000000000000111110011110000
00000000000000000111010000100000
00000000000000000110101110100000
00000000000000000110000111000000
00000000000000000101001010100000
00000000000000000100001011100000
00000000000000000011000001010000
00000000000000000001111110010000
00000000000000000000101011000000
11111111111111111111010010010000
11111111111111111110000100100000
11111111111111111100111010110000
11111111111111111100000101110000
11111111111111111011100000010000
11111111111111111010101100110000
11111111111111111010001110110000
11111111111111111001100001100000
11111111111111111001010010000000
11111111111111111001001110010000
11111111111111111001010010110000
11111111111111111001101010110000
11111111111111111001110010000000
11111111111111111010011101100000
11111111111111111011001101010000
11111111111111111100011100010000
11111111111111111101010001100000
11111111111111111110000000100000
11111111111111111110111011110000
11111111111111111111100100000000
